# relative_time, cycles_done, cur_item, corpus_count, pending_total, pending_favs, map_size, saved_crashes, saved_hangs, max_depth, execs_per_sec, total_execs, edges_found, total_crashes, servers_count
61, 26, 3, 4, 0, 0, 0.61%, 0, 0, 2, 133.78, 16329, 307, 0, 0
66, 28, 3, 4, 0, 0, 0.61%, 0, 0, 2, 130.13, 17013, 307, 0, 0
71, 29, 3, 4, 0, 0, 0.61%, 0, 0, 2, 170.61, 17904, 307, 0, 0
76, 31, 3, 4, 0, 0, 0.61%, 0, 0, 2, 178.96, 18840, 307, 0, 0
81, 32, 3, 4, 0, 0, 0.61%, 0, 0, 2, 172.33, 19747, 307, 0, 0
87, 34, 3, 4, 0, 0, 0.61%, 0, 0, 2, 162.72, 20567, 307, 0, 0
92, 35, 1, 4, 0, 0, 0.61%, 0, 0, 2, 178.39, 21448, 307, 0, 0
97, 36, 3, 4, 0, 0, 0.61%, 0, 0, 2, 169.44, 22291, 307, 0, 0
102, 38, 3, 4, 0, 0, 0.61%, 0, 0, 2, 154.29, 23048, 307, 0, 0
107, 43, 1, 4, 0, 0, 0.61%, 0, 0, 2, 836.00, 26097, 307, 0, 0
112, 49, 3, 4, 0, 0, 0.61%, 0, 0, 2, 800.27, 30081, 307, 0, 0
117, 56, 3, 4, 0, 0, 0.61%, 0, 0, 2, 798.47, 34094, 307, 0, 0
122, 63, 3, 4, 0, 0, 0.61%, 0, 0, 2, 796.79, 38109, 307, 0, 0
127, 67, 3, 4, 0, 0, 0.61%, 0, 0, 2, 144.40, 40865, 307, 0, 0
132, 69, 3, 4, 0, 0, 0.61%, 0, 0, 2, 139.87, 41585, 307, 0, 0
137, 70, 3, 4, 0, 0, 0.61%, 0, 0, 2, 131.69, 42283, 307, 0, 0
143, 71, 3, 4, 0, 0, 0.61%, 0, 0, 2, 119.51, 42871, 307, 0, 0
148, 72, 1, 4, 0, 0, 0.61%, 0, 0, 2, 110.66, 43441, 307, 0, 0
153, 73, 3, 4, 0, 0, 0.61%, 0, 0, 2, 107.48, 43983, 307, 0, 0
158, 74, 3, 4, 0, 0, 0.61%, 0, 0, 2, 114.20, 44599, 307, 0, 0
163, 74, 3, 4, 0, 0, 0.61%, 0, 0, 2, 109.95, 45119, 307, 0, 0
168, 75, 1, 4, 0, 0, 0.61%, 0, 0, 2, 113.34, 45685, 307, 0, 0
173, 76, 3, 4, 0, 0, 0.61%, 0, 0, 2, 100.60, 46186, 307, 0, 0
178, 77, 3, 4, 0, 0, 0.61%, 0, 0, 2, 118.06, 46806, 307, 0, 0
183, 78, 1, 4, 0, 0, 0.61%, 0, 0, 2, 115.94, 47364, 307, 0, 0
188, 79, 3, 4, 0, 0, 0.61%, 0, 0, 2, 110.65, 47914, 307, 0, 0
194, 80, 1, 4, 0, 0, 0.61%, 0, 0, 2, 121.47, 48548, 307, 0, 0
199, 81, 3, 4, 0, 0, 0.61%, 0, 0, 2, 120.30, 49142, 307, 0, 0
204, 82, 3, 4, 0, 0, 0.61%, 0, 0, 2, 107.15, 49684, 307, 0, 0
209, 83, 3, 4, 0, 0, 0.61%, 0, 0, 2, 117.08, 50278, 307, 0, 0
214, 84, 3, 4, 0, 0, 0.61%, 0, 0, 2, 117.46, 50858, 307, 0, 0
219, 85, 3, 4, 0, 0, 0.61%, 0, 0, 2, 110.44, 51422, 307, 0, 0
224, 86, 3, 4, 0, 0, 0.61%, 0, 0, 2, 116.16, 52049, 307, 0, 0
229, 87, 3, 4, 0, 0, 0.61%, 0, 0, 2, 114.60, 52612, 307, 0, 0
234, 88, 3, 4, 0, 0, 0.61%, 0, 0, 2, 116.45, 53208, 307, 0, 0
239, 89, 3, 4, 0, 0, 0.61%, 0, 0, 2, 110.18, 53782, 307, 0, 0
244, 90, 3, 4, 0, 0, 0.61%, 0, 0, 2, 109.65, 54294, 307, 0, 0
250, 91, 3, 4, 0, 0, 0.61%, 0, 0, 2, 111.82, 54860, 307, 0, 0
255, 92, 3, 4, 0, 0, 0.61%, 0, 0, 2, 109.30, 55388, 307, 0, 0
260, 92, 3, 4, 0, 0, 0.61%, 0, 0, 2, 104.97, 55920, 307, 0, 0
265, 93, 3, 4, 0, 0, 0.61%, 0, 0, 2, 106.86, 56428, 307, 0, 0
270, 94, 3, 4, 0, 0, 0.61%, 0, 0, 2, 104.22, 56954, 307, 0, 0
275, 95, 3, 4, 0, 0, 0.61%, 0, 0, 2, 106.29, 57504, 307, 0, 0
280, 96, 3, 4, 0, 0, 0.61%, 0, 0, 2, 102.50, 58024, 307, 0, 0
285, 97, 1, 4, 0, 0, 0.61%, 0, 0, 2, 98.09, 58521, 307, 0, 0
290, 98, 3, 4, 0, 0, 0.61%, 0, 0, 2, 102.91, 59058, 307, 0, 0
295, 99, 3, 4, 0, 0, 0.61%, 0, 0, 2, 111.34, 59628, 307, 0, 0
300, 99, 3, 4, 0, 0, 0.61%, 0, 0, 2, 99.02, 60104, 307, 0, 0
306, 100, 3, 4, 0, 0, 0.61%, 0, 0, 2, 101.10, 60628, 307, 0, 0
311, 101, 1, 4, 0, 0, 0.61%, 0, 0, 2, 102.68, 61184, 307, 0, 0
316, 102, 3, 4, 0, 0, 0.61%, 0, 0, 2, 115.39, 61770, 307, 0, 0
321, 103, 3, 4, 0, 0, 0.61%, 0, 0, 2, 112.71, 62372, 307, 0, 0
326, 105, 3, 4, 0, 0, 0.61%, 0, 0, 2, 781.37, 63380, 307, 0, 0
331, 112, 3, 4, 0, 0, 0.61%, 0, 0, 2, 794.20, 67425, 307, 0, 0
336, 117, 3, 4, 0, 0, 0.61%, 0, 0, 2, 96.97, 70806, 307, 0, 0
341, 118, 3, 4, 0, 0, 0.61%, 0, 0, 2, 127.46, 71538, 307, 0, 0
346, 120, 3, 4, 0, 0, 0.61%, 0, 0, 2, 135.38, 72200, 307, 0, 0
352, 121, 3, 4, 0, 0, 0.61%, 0, 0, 2, 125.13, 72848, 307, 0, 0
357, 122, 1, 4, 0, 0, 0.61%, 0, 0, 2, 126.94, 73468, 307, 0, 0
362, 123, 1, 4, 0, 0, 0.61%, 0, 0, 2, 122.81, 74088, 307, 0, 0
367, 124, 3, 4, 0, 0, 0.61%, 0, 0, 2, 115.23, 74674, 307, 0, 0
372, 125, 3, 4, 0, 0, 0.61%, 0, 0, 2, 113.33, 75268, 307, 0, 0
377, 126, 3, 4, 0, 0, 0.61%, 0, 0, 2, 113.35, 75864, 307, 0, 0
382, 127, 3, 4, 0, 0, 0.61%, 0, 0, 2, 114.31, 76448, 307, 0, 0
387, 128, 1, 4, 0, 0, 0.61%, 0, 0, 2, 115.18, 77034, 307, 0, 0
392, 129, 3, 4, 0, 0, 0.61%, 0, 0, 2, 131.71, 77692, 307, 0, 0
397, 130, 1, 4, 0, 0, 0.61%, 0, 0, 2, 129.97, 78342, 307, 0, 0
402, 131, 3, 4, 0, 0, 0.61%, 0, 0, 2, 121.41, 78956, 307, 0, 0
407, 132, 3, 4, 0, 0, 0.61%, 0, 0, 2, 116.88, 79560, 307, 0, 0
412, 133, 3, 4, 0, 0, 0.61%, 0, 0, 2, 115.12, 80128, 307, 0, 0
417, 134, 3, 4, 0, 0, 0.61%, 0, 0, 2, 124.78, 80764, 307, 0, 0
423, 140, 3, 4, 0, 0, 0.61%, 0, 0, 2, 782.31, 84525, 307, 0, 0
428, 145, 1, 4, 0, 0, 0.61%, 0, 0, 2, 106.66, 87349, 307, 0, 0
433, 146, 3, 4, 0, 0, 0.61%, 0, 0, 2, 114.31, 87948, 307, 0, 0
438, 147, 3, 4, 0, 0, 0.61%, 0, 0, 2, 128.31, 88590, 307, 0, 0
443, 148, 3, 4, 0, 0, 0.61%, 0, 0, 2, 116.40, 89164, 307, 0, 0
448, 149, 3, 4, 0, 0, 0.61%, 0, 0, 2, 128.82, 89806, 307, 0, 0
453, 150, 3, 4, 0, 0, 0.61%, 0, 0, 2, 129.13, 90464, 307, 0, 0
458, 151, 1, 4, 0, 0, 0.61%, 0, 0, 2, 136.07, 91140, 307, 0, 0
463, 152, 1, 4, 0, 0, 0.61%, 0, 0, 2, 123.67, 91748, 307, 0, 0
468, 153, 3, 4, 0, 0, 0.61%, 0, 0, 2, 117.78, 92344, 307, 0, 0
473, 154, 3, 4, 0, 0, 0.61%, 0, 0, 2, 127.83, 92980, 307, 0, 0
478, 155, 3, 4, 0, 0, 0.61%, 0, 0, 2, 113.82, 93534, 307, 0, 0
483, 156, 3, 4, 0, 0, 0.61%, 0, 0, 2, 111.54, 94126, 307, 0, 0
488, 157, 3, 4, 0, 0, 0.61%, 0, 0, 2, 115.96, 94730, 307, 0, 0
493, 158, 3, 4, 0, 0, 0.61%, 0, 0, 2, 114.88, 95334, 307, 0, 0
498, 159, 3, 4, 0, 0, 0.61%, 0, 0, 2, 107.48, 95888, 307, 0, 0
504, 160, 3, 4, 0, 0, 0.61%, 0, 0, 2, 113.01, 96472, 307, 0, 0
509, 161, 3, 4, 0, 0, 0.61%, 0, 0, 2, 114.00, 97074, 307, 0, 0
514, 162, 3, 4, 0, 0, 0.61%, 0, 0, 2, 118.56, 97678, 307, 0, 0
519, 163, 3, 4, 0, 0, 0.61%, 0, 0, 2, 109.96, 98234, 307, 0, 0
524, 164, 3, 4, 0, 0, 0.61%, 0, 0, 2, 108.93, 98774, 307, 0, 0
529, 165, 3, 4, 0, 0, 0.61%, 0, 0, 2, 114.59, 99366, 307, 0, 0
534, 166, 3, 4, 0, 0, 0.61%, 0, 0, 2, 105.82, 99902, 307, 0, 0
539, 167, 3, 4, 0, 0, 0.61%, 0, 0, 2, 113.12, 100512, 307, 0, 0
544, 168, 3, 4, 0, 0, 0.61%, 0, 0, 2, 115.10, 101076, 307, 0, 0
550, 169, 3, 4, 0, 0, 0.61%, 0, 0, 2, 116.09, 101666, 307, 0, 0
555, 170, 3, 4, 0, 0, 0.61%, 0, 0, 2, 117.08, 102252, 307, 0, 0
560, 171, 3, 4, 0, 0, 0.61%, 0, 0, 2, 113.64, 102848, 307, 0, 0
565, 172, 1, 4, 0, 0, 0.61%, 0, 0, 2, 107.53, 103394, 307, 0, 0
570, 173, 3, 4, 0, 0, 0.61%, 0, 0, 2, 112.43, 104000, 307, 0, 0
575, 174, 3, 4, 0, 0, 0.61%, 0, 0, 2, 118.81, 104596, 307, 0, 0
580, 175, 3, 4, 0, 0, 0.61%, 0, 0, 2, 115.77, 105182, 307, 0, 0
585, 176, 3, 4, 0, 0, 0.61%, 0, 0, 2, 123.46, 105832, 307, 0, 0
590, 177, 3, 4, 0, 0, 0.61%, 0, 0, 2, 109.92, 106372, 307, 0, 0
595, 178, 3, 4, 0, 0, 0.61%, 0, 0, 2, 118.73, 106978, 307, 0, 0
600, 179, 3, 4, 0, 0, 0.61%, 0, 0, 2, 119.03, 107586, 307, 0, 0
605, 179, 3, 4, 0, 0, 0.61%, 0, 0, 2, 113.47, 108136, 307, 0, 0
611, 181, 3, 4, 0, 0, 0.61%, 0, 0, 2, 128.29, 108794, 307, 0, 0
616, 182, 3, 4, 0, 0, 0.61%, 0, 0, 2, 129.37, 109430, 307, 0, 0
621, 183, 3, 4, 0, 0, 0.61%, 0, 0, 2, 117.76, 110016, 307, 0, 0
626, 184, 3, 4, 0, 0, 0.61%, 0, 0, 2, 113.83, 110588, 307, 0, 0
631, 185, 3, 4, 0, 0, 0.61%, 0, 0, 2, 119.19, 111210, 307, 0, 0
636, 186, 3, 4, 0, 0, 0.61%, 0, 0, 2, 115.99, 111798, 307, 0, 0
641, 187, 3, 4, 0, 0, 0.61%, 0, 0, 2, 122.64, 112436, 307, 0, 0
646, 188, 3, 4, 0, 0, 0.61%, 0, 0, 2, 118.30, 113060, 307, 0, 0
651, 189, 3, 4, 0, 0, 0.61%, 0, 0, 2, 114.36, 113666, 307, 0, 0
657, 190, 3, 4, 0, 0, 0.61%, 0, 0, 2, 130.41, 114344, 307, 0, 0
662, 191, 1, 4, 0, 0, 0.61%, 0, 0, 2, 124.85, 114990, 307, 0, 0
667, 192, 3, 4, 0, 0, 0.61%, 0, 0, 2, 126.97, 115602, 307, 0, 0
672, 193, 3, 4, 0, 0, 0.61%, 0, 0, 2, 117.50, 116196, 307, 0, 0
677, 194, 3, 4, 0, 0, 0.61%, 0, 0, 2, 133.71, 116858, 307, 0, 0
682, 195, 3, 4, 0, 0, 0.61%, 0, 0, 2, 123.70, 117466, 307, 0, 0
687, 196, 3, 4, 0, 0, 0.61%, 0, 0, 2, 137.44, 118202, 307, 0, 0
692, 197, 3, 4, 0, 0, 0.61%, 0, 0, 2, 140.16, 118910, 307, 0, 0
697, 199, 3, 4, 0, 0, 0.61%, 0, 0, 2, 140.50, 119608, 307, 0, 0
702, 200, 3, 4, 0, 0, 0.61%, 0, 0, 2, 132.85, 120264, 307, 0, 0
707, 201, 3, 4, 0, 0, 0.61%, 0, 0, 2, 120.89, 120878, 307, 0, 0
712, 202, 3, 4, 0, 0, 0.61%, 0, 0, 2, 139.65, 121570, 307, 0, 0
718, 208, 3, 4, 0, 0, 0.61%, 0, 0, 2, 650.13, 125374, 307, 0, 0
723, 215, 3, 4, 0, 0, 0.61%, 0, 0, 2, 754.67, 129295, 307, 0, 0
728, 216, 3, 4, 0, 0, 0.61%, 0, 0, 2, 102.50, 130164, 307, 0, 0
733, 217, 3, 4, 0, 0, 0.61%, 0, 0, 2, 115.74, 130792, 307, 0, 0
738, 218, 1, 4, 0, 0, 0.61%, 0, 0, 2, 117.48, 131380, 307, 0, 0
743, 219, 3, 4, 0, 0, 0.61%, 0, 0, 2, 114.21, 131930, 307, 0, 0
748, 220, 3, 4, 0, 0, 0.61%, 0, 0, 2, 108.55, 132488, 307, 0, 0
753, 221, 3, 4, 0, 0, 0.61%, 0, 0, 2, 101.92, 133008, 307, 0, 0
758, 222, 3, 4, 0, 0, 0.61%, 0, 0, 2, 115.24, 133592, 307, 0, 0
763, 223, 3, 4, 0, 0, 0.61%, 0, 0, 2, 116.75, 134210, 307, 0, 0
768, 224, 3, 4, 0, 0, 0.61%, 0, 0, 2, 120.54, 134820, 307, 0, 0
773, 225, 1, 4, 0, 0, 0.61%, 0, 0, 2, 111.74, 135382, 307, 0, 0
778, 226, 3, 4, 0, 0, 0.61%, 0, 0, 2, 116.07, 135976, 307, 0, 0
783, 227, 3, 4, 0, 0, 0.61%, 0, 0, 2, 109.94, 136526, 307, 0, 0
788, 228, 3, 4, 0, 0, 0.61%, 0, 0, 2, 112.12, 137092, 307, 0, 0
793, 229, 3, 4, 0, 0, 0.61%, 0, 0, 2, 112.84, 137658, 307, 0, 0
798, 230, 3, 4, 0, 0, 0.61%, 0, 0, 2, 110.24, 138216, 307, 0, 0
804, 230, 3, 4, 0, 0, 0.61%, 0, 0, 2, 106.32, 138742, 307, 0, 0
809, 231, 3, 4, 0, 0, 0.61%, 0, 0, 2, 113.43, 139328, 307, 0, 0
814, 232, 3, 4, 0, 0, 0.61%, 0, 0, 2, 120.07, 139930, 307, 0, 0
819, 234, 3, 4, 0, 0, 0.61%, 0, 0, 2, 127.03, 140578, 307, 0, 0
824, 235, 3, 4, 0, 0, 0.61%, 0, 0, 2, 128.80, 141282, 307, 0, 0
829, 236, 3, 4, 0, 0, 0.61%, 0, 0, 2, 126.70, 141958, 307, 0, 0
834, 237, 3, 4, 0, 0, 0.61%, 0, 0, 2, 113.48, 142502, 307, 0, 0
839, 238, 3, 4, 0, 0, 0.61%, 0, 0, 2, 115.39, 143092, 307, 0, 0
844, 239, 3, 4, 0, 0, 0.61%, 0, 0, 2, 116.10, 143694, 307, 0, 0
849, 240, 3, 4, 0, 0, 0.61%, 0, 0, 2, 121.72, 144300, 307, 0, 0
854, 241, 1, 4, 0, 0, 0.61%, 0, 0, 2, 118.77, 144884, 307, 0, 0
859, 242, 1, 4, 0, 0, 0.61%, 0, 0, 2, 114.36, 145474, 307, 0, 0
864, 243, 3, 4, 0, 0, 0.61%, 0, 0, 2, 117.22, 146046, 307, 0, 0
870, 244, 3, 4, 0, 0, 0.61%, 0, 0, 2, 108.31, 146602, 307, 0, 0
875, 245, 3, 4, 0, 0, 0.61%, 0, 0, 2, 124.25, 147288, 307, 0, 0
880, 246, 3, 4, 0, 0, 0.61%, 0, 0, 2, 124.88, 147934, 307, 0, 0
885, 247, 3, 4, 0, 0, 0.61%, 0, 0, 2, 123.30, 148538, 307, 0, 0
890, 248, 3, 4, 0, 0, 0.61%, 0, 0, 2, 119.03, 149106, 307, 0, 0
895, 249, 3, 4, 0, 0, 0.61%, 0, 0, 2, 121.26, 149728, 307, 0, 0
900, 250, 3, 4, 0, 0, 0.61%, 0, 0, 2, 123.08, 150356, 307, 0, 0
905, 251, 3, 4, 0, 0, 0.61%, 0, 0, 2, 116.33, 150936, 307, 0, 0
910, 252, 3, 4, 0, 0, 0.61%, 0, 0, 2, 132.15, 151606, 307, 0, 0
915, 253, 3, 4, 0, 0, 0.61%, 0, 0, 2, 130.97, 152258, 307, 0, 0
920, 254, 3, 4, 0, 0, 0.61%, 0, 0, 2, 142.95, 152958, 307, 0, 0
925, 255, 3, 4, 0, 0, 0.61%, 0, 0, 2, 150.44, 153728, 307, 0, 0
931, 257, 3, 4, 0, 0, 0.61%, 0, 0, 2, 165.54, 154607, 307, 0, 0
936, 258, 1, 4, 0, 0, 0.61%, 0, 0, 2, 142.96, 155330, 307, 0, 0
941, 259, 3, 4, 0, 0, 0.61%, 0, 0, 2, 138.81, 156006, 307, 0, 0
946, 261, 3, 4, 0, 0, 0.61%, 0, 0, 2, 152.23, 156801, 307, 0, 0
951, 262, 3, 4, 0, 0, 0.61%, 0, 0, 2, 158.93, 157607, 307, 0, 0
956, 263, 3, 4, 0, 0, 0.61%, 0, 0, 2, 153.15, 158419, 307, 0, 0
961, 264, 1, 4, 0, 0, 0.61%, 0, 0, 2, 122.13, 159002, 307, 0, 0
966, 265, 3, 4, 0, 0, 0.61%, 0, 0, 2, 118.92, 159624, 307, 0, 0
971, 266, 1, 4, 0, 0, 0.61%, 0, 0, 2, 105.07, 160166, 307, 0, 0
977, 267, 1, 4, 0, 0, 0.61%, 0, 0, 2, 93.26, 160621, 307, 0, 0
982, 268, 3, 4, 0, 0, 0.61%, 0, 0, 2, 117.10, 161012, 307, 0, 0
987, 268, 3, 4, 0, 0, 0.61%, 0, 0, 2, 96.59, 161468, 307, 0, 0
992, 269, 3, 4, 0, 0, 0.61%, 0, 0, 2, 110.54, 162014, 307, 0, 0
997, 270, 3, 4, 0, 0, 0.61%, 0, 0, 2, 86.19, 162436, 307, 0, 0
1003, 271, 3, 4, 0, 0, 0.61%, 0, 0, 2, 86.77, 162890, 307, 0, 0
1008, 271, 3, 4, 0, 0, 0.61%, 0, 0, 2, 90.80, 163333, 307, 0, 0
1013, 272, 1, 4, 0, 0, 0.61%, 0, 0, 2, 99.46, 163851, 307, 0, 0
1018, 273, 3, 4, 0, 0, 0.61%, 0, 0, 2, 65.13, 164245, 307, 0, 0
1023, 274, 3, 4, 0, 0, 0.61%, 0, 0, 2, 66.81, 164580, 307, 0, 0
1028, 274, 1, 4, 0, 0, 0.61%, 0, 0, 2, 92.12, 165040, 307, 0, 0
1033, 275, 3, 4, 0, 0, 0.61%, 0, 0, 2, 78.46, 165419, 307, 0, 0
1038, 276, 3, 4, 0, 0, 0.61%, 0, 0, 2, 92.56, 165876, 307, 0, 0
1043, 276, 3, 4, 0, 0, 0.61%, 0, 0, 2, 78.43, 166253, 307, 0, 0
1048, 277, 3, 4, 0, 0, 0.61%, 0, 0, 2, 95.69, 166762, 307, 0, 0
1053, 278, 3, 4, 0, 0, 0.61%, 0, 0, 2, 83.58, 167177, 307, 0, 0
1059, 279, 3, 4, 0, 0, 0.61%, 0, 0, 2, 100.94, 167700, 307, 0, 0
1064, 280, 3, 4, 0, 0, 0.61%, 0, 0, 2, 113.90, 168254, 307, 0, 0
1069, 285, 3, 4, 0, 0, 0.61%, 0, 0, 2, 764.69, 171580, 307, 0, 0
1074, 292, 3, 4, 0, 0, 0.61%, 0, 0, 2, 778.51, 175510, 307, 0, 0
1079, 298, 3, 4, 0, 0, 0.61%, 0, 0, 2, 770.92, 179495, 307, 0, 0
1084, 305, 3, 4, 0, 0, 0.61%, 0, 0, 2, 764.31, 183449, 307, 0, 0
1089, 310, 1, 4, 0, 0, 0.61%, 0, 0, 2, 105.26, 186227, 307, 0, 0
1094, 311, 3, 4, 0, 0, 0.61%, 0, 0, 2, 125.78, 186864, 307, 0, 0
1099, 312, 1, 4, 0, 0, 0.61%, 0, 0, 2, 122.90, 187442, 307, 0, 0
1105, 313, 3, 4, 0, 0, 0.61%, 0, 0, 2, 114.36, 188016, 307, 0, 0
1110, 314, 3, 4, 0, 0, 0.61%, 0, 0, 2, 105.59, 188552, 307, 0, 0
1115, 315, 3, 4, 0, 0, 0.61%, 0, 0, 2, 117.12, 189154, 307, 0, 0
1120, 316, 3, 4, 0, 0, 0.61%, 0, 0, 2, 125.66, 189800, 307, 0, 0
1125, 317, 3, 4, 0, 0, 0.61%, 0, 0, 2, 120.86, 190400, 307, 0, 0
1130, 318, 3, 4, 0, 0, 0.61%, 0, 0, 2, 122.09, 191012, 307, 0, 0
1135, 319, 3, 4, 0, 0, 0.61%, 0, 0, 2, 119.91, 191664, 307, 0, 0
1140, 320, 1, 4, 0, 0, 0.61%, 0, 0, 2, 116.69, 192258, 307, 0, 0
1146, 321, 3, 4, 0, 0, 0.61%, 0, 0, 2, 118.47, 192890, 307, 0, 0
1151, 322, 3, 4, 0, 0, 0.61%, 0, 0, 2, 126.16, 193504, 307, 0, 0
1156, 323, 3, 4, 0, 0, 0.61%, 0, 0, 2, 120.85, 194082, 307, 0, 0
1161, 324, 3, 4, 0, 0, 0.61%, 0, 0, 2, 153.25, 194698, 307, 0, 0
1166, 325, 3, 4, 0, 0, 0.61%, 0, 0, 2, 127.81, 195288, 307, 0, 0
1171, 326, 1, 4, 0, 0, 0.61%, 0, 0, 2, 119.22, 195902, 307, 0, 0
1176, 327, 3, 4, 0, 0, 0.61%, 0, 0, 2, 128.88, 196552, 307, 0, 0
1181, 328, 3, 4, 0, 0, 0.61%, 0, 0, 2, 136.93, 197266, 307, 0, 0
1186, 329, 3, 4, 0, 0, 0.61%, 0, 0, 2, 162.40, 198116, 307, 0, 0
1191, 331, 3, 4, 0, 0, 0.61%, 0, 0, 2, 163.21, 198937, 307, 0, 0
1196, 332, 3, 4, 0, 0, 0.61%, 0, 0, 2, 154.09, 199780, 307, 0, 0
1201, 333, 3, 4, 0, 0, 0.61%, 0, 0, 2, 123.72, 200382, 307, 0, 0
1207, 334, 3, 4, 0, 0, 0.61%, 0, 0, 2, 116.82, 200990, 307, 0, 0
1212, 335, 3, 4, 0, 0, 0.61%, 0, 0, 2, 116.47, 201560, 307, 0, 0
1217, 336, 3, 4, 0, 0, 0.61%, 0, 0, 2, 119.16, 202150, 307, 0, 0
1222, 337, 3, 4, 0, 0, 0.61%, 0, 0, 2, 109.45, 202708, 307, 0, 0
1227, 338, 3, 4, 0, 0, 0.61%, 0, 0, 2, 119.77, 203328, 307, 0, 0
1232, 339, 3, 4, 0, 0, 0.61%, 0, 0, 2, 112.98, 203894, 307, 0, 0
1237, 340, 3, 4, 0, 0, 0.61%, 0, 0, 2, 117.11, 204492, 307, 0, 0
1242, 341, 3, 4, 0, 0, 0.61%, 0, 0, 2, 130.86, 205168, 307, 0, 0
1247, 342, 3, 4, 0, 0, 0.61%, 0, 0, 2, 126.30, 205788, 307, 0, 0
1252, 343, 3, 4, 0, 0, 0.61%, 0, 0, 2, 114.01, 206380, 307, 0, 0
1257, 344, 3, 4, 0, 0, 0.61%, 0, 0, 2, 106.86, 206914, 307, 0, 0
1263, 345, 3, 4, 0, 0, 0.61%, 0, 0, 2, 105.61, 207460, 307, 0, 0
1268, 346, 1, 4, 0, 0, 0.61%, 0, 0, 2, 113.38, 208056, 307, 0, 0
1273, 347, 3, 4, 0, 0, 0.61%, 0, 0, 2, 114.65, 208632, 307, 0, 0
1278, 348, 3, 4, 0, 0, 0.61%, 0, 0, 2, 109.47, 209164, 307, 0, 0
1283, 349, 3, 4, 0, 0, 0.61%, 0, 0, 2, 108.24, 209728, 307, 0, 0
1288, 350, 3, 4, 0, 0, 0.61%, 0, 0, 2, 118.94, 210338, 307, 0, 0
1293, 351, 3, 4, 0, 0, 0.61%, 0, 0, 2, 128.66, 210952, 307, 0, 0
1298, 352, 3, 4, 0, 0, 0.61%, 0, 0, 2, 129.46, 211570, 307, 0, 0
1303, 353, 3, 4, 0, 0, 0.61%, 0, 0, 2, 117.43, 212138, 307, 0, 0
1308, 354, 3, 4, 0, 0, 0.61%, 0, 0, 2, 123.19, 212778, 307, 0, 0
1313, 355, 1, 4, 0, 0, 0.61%, 0, 0, 2, 114.36, 213362, 307, 0, 0
1318, 356, 3, 4, 0, 0, 0.61%, 0, 0, 2, 122.70, 213998, 307, 0, 0
1323, 357, 3, 4, 0, 0, 0.61%, 0, 0, 2, 115.26, 214566, 307, 0, 0
1328, 358, 3, 4, 0, 0, 0.61%, 0, 0, 2, 114.74, 215140, 307, 0, 0
1334, 359, 3, 4, 0, 0, 0.61%, 0, 0, 2, 111.13, 215710, 307, 0, 0
1339, 360, 1, 4, 0, 0, 0.61%, 0, 0, 2, 120.85, 216322, 307, 0, 0
1344, 361, 3, 4, 0, 0, 0.61%, 0, 0, 2, 125.77, 216982, 307, 0, 0
1349, 362, 3, 4, 0, 0, 0.61%, 0, 0, 2, 119.33, 217590, 307, 0, 0
1354, 363, 3, 4, 0, 0, 0.61%, 0, 0, 2, 115.93, 218178, 307, 0, 0
1359, 364, 3, 4, 0, 0, 0.61%, 0, 0, 2, 117.88, 218770, 307, 0, 0
1364, 365, 3, 4, 0, 0, 0.61%, 0, 0, 2, 132.35, 219440, 307, 0, 0
1369, 366, 1, 4, 0, 0, 0.61%, 0, 0, 2, 128.72, 220086, 307, 0, 0
1374, 367, 3, 4, 0, 0, 0.61%, 0, 0, 2, 125.08, 220704, 307, 0, 0
1379, 368, 3, 4, 0, 0, 0.61%, 0, 0, 2, 120.27, 221318, 307, 0, 0
1384, 369, 3, 4, 0, 0, 0.61%, 0, 0, 2, 117.67, 221924, 307, 0, 0
1389, 370, 3, 4, 0, 0, 0.61%, 0, 0, 2, 124.47, 222566, 307, 0, 0
1395, 371, 3, 4, 0, 0, 0.61%, 0, 0, 2, 120.75, 223160, 307, 0, 0
1400, 372, 3, 4, 0, 0, 0.61%, 0, 0, 2, 119.89, 223754, 307, 0, 0
1405, 373, 3, 4, 0, 0, 0.61%, 0, 0, 2, 118.43, 224370, 307, 0, 0
1410, 374, 3, 4, 0, 0, 0.61%, 0, 0, 2, 122.02, 225002, 307, 0, 0
1415, 375, 3, 4, 0, 0, 0.61%, 0, 0, 2, 116.66, 225598, 307, 0, 0
1420, 376, 3, 4, 0, 0, 0.61%, 0, 0, 2, 112.77, 226146, 307, 0, 0
1425, 377, 3, 4, 0, 0, 0.61%, 0, 0, 2, 118.22, 226748, 307, 0, 0
1431, 378, 3, 4, 0, 0, 0.61%, 0, 0, 2, 118.58, 227378, 307, 0, 0
1436, 379, 3, 4, 0, 0, 0.61%, 0, 0, 2, 121.12, 228002, 307, 0, 0
1441, 380, 3, 4, 0, 0, 0.61%, 0, 0, 2, 123.19, 228620, 307, 0, 0
1446, 381, 3, 4, 0, 0, 0.61%, 0, 0, 2, 112.31, 229180, 307, 0, 0
1451, 382, 1, 4, 0, 0, 0.61%, 0, 0, 2, 120.63, 229816, 307, 0, 0
1456, 383, 3, 4, 0, 0, 0.61%, 0, 0, 2, 118.77, 230424, 307, 0, 0
1461, 384, 3, 4, 0, 0, 0.61%, 0, 0, 2, 121.52, 231050, 307, 0, 0
1466, 385, 3, 4, 0, 0, 0.61%, 0, 0, 2, 113.41, 231656, 307, 0, 0
1471, 386, 3, 4, 0, 0, 0.61%, 0, 0, 2, 111.93, 232242, 307, 0, 0
1476, 387, 3, 4, 0, 0, 0.61%, 0, 0, 2, 114.64, 232806, 307, 0, 0
1481, 388, 3, 4, 0, 0, 0.61%, 0, 0, 2, 108.99, 233346, 307, 0, 0
1487, 389, 3, 4, 0, 0, 0.61%, 0, 0, 2, 97.68, 233828, 307, 0, 0
1492, 390, 3, 4, 0, 0, 0.61%, 0, 0, 2, 109.58, 234314, 307, 0, 0
1497, 391, 3, 4, 0, 0, 0.61%, 0, 0, 2, 98.48, 234812, 307, 0, 0
1502, 391, 3, 4, 0, 0, 0.61%, 0, 0, 2, 102.50, 235326, 307, 0, 0
1507, 392, 3, 4, 0, 0, 0.61%, 0, 0, 2, 98.43, 235810, 307, 0, 0
1512, 393, 1, 4, 0, 0, 0.61%, 0, 0, 2, 114.94, 236372, 307, 0, 0
1517, 394, 3, 4, 0, 0, 0.61%, 0, 0, 2, 110.28, 236912, 307, 0, 0
1522, 395, 3, 4, 0, 0, 0.61%, 0, 0, 2, 116.35, 237490, 307, 0, 0
1527, 397, 3, 4, 0, 0, 0.61%, 0, 0, 2, 809.68, 238798, 307, 0, 0
1532, 404, 3, 4, 0, 0, 0.61%, 0, 0, 2, 814.53, 243014, 307, 0, 0
1537, 411, 3, 4, 0, 0, 0.61%, 0, 0, 2, 790.58, 246980, 307, 0, 0
1542, 418, 1, 4, 0, 0, 0.61%, 0, 0, 2, 785.39, 251040, 307, 0, 0
1548, 423, 3, 4, 0, 0, 0.61%, 0, 0, 2, 129.19, 253960, 307, 0, 0
1553, 424, 1, 4, 0, 0, 0.61%, 0, 0, 2, 134.95, 254684, 307, 0, 0
1558, 425, 3, 4, 0, 0, 0.61%, 0, 0, 2, 172.61, 255668, 307, 0, 0
1563, 427, 1, 4, 0, 0, 0.61%, 0, 0, 2, 146.97, 256350, 307, 0, 0
1568, 428, 3, 4, 0, 0, 0.61%, 0, 0, 2, 158.12, 257104, 307, 0, 0
1573, 429, 1, 4, 0, 0, 0.61%, 0, 0, 2, 155.29, 257898, 307, 0, 0
1578, 431, 3, 4, 0, 0, 0.61%, 0, 0, 2, 176.59, 258871, 307, 0, 0
1583, 432, 1, 4, 0, 0, 0.61%, 0, 0, 2, 164.41, 259683, 307, 0, 0
1589, 434, 3, 4, 0, 0, 0.61%, 0, 0, 2, 180.02, 260586, 307, 0, 0
1594, 435, 3, 4, 0, 0, 0.61%, 0, 0, 2, 163.58, 261401, 307, 0, 0
1599, 436, 1, 4, 0, 0, 0.61%, 0, 0, 2, 169.05, 262277, 307, 0, 0
1604, 438, 3, 4, 0, 0, 0.61%, 0, 0, 2, 156.16, 263059, 307, 0, 0
1609, 439, 1, 4, 0, 0, 0.61%, 0, 0, 2, 161.67, 263910, 307, 0, 0
1614, 441, 1, 4, 0, 0, 0.61%, 0, 0, 2, 169.11, 264807, 307, 0, 0
1619, 442, 1, 4, 0, 0, 0.61%, 0, 0, 2, 157.09, 265574, 307, 0, 0
1624, 443, 3, 4, 0, 0, 0.61%, 0, 0, 2, 152.89, 266338, 307, 0, 0
1629, 444, 3, 4, 0, 0, 0.61%, 0, 0, 2, 149.76, 267089, 307, 0, 0
1634, 446, 3, 4, 0, 0, 0.61%, 0, 0, 2, 152.61, 267865, 307, 0, 0
1639, 447, 3, 4, 0, 0, 0.61%, 0, 0, 2, 144.20, 268588, 307, 0, 0
1645, 448, 1, 4, 0, 0, 0.61%, 0, 0, 2, 146.23, 269334, 307, 0, 0
1650, 449, 3, 4, 0, 0, 0.61%, 0, 0, 2, 149.83, 270062, 307, 0, 0
1655, 451, 3, 4, 0, 0, 0.61%, 0, 0, 2, 165.47, 270862, 307, 0, 0
1660, 456, 3, 4, 0, 0, 0.61%, 0, 0, 2, 601.02, 274138, 307, 0, 0
1665, 458, 3, 4, 0, 0, 0.61%, 0, 0, 2, 298.56, 275428, 307, 0, 0
1670, 460, 1, 4, 0, 0, 0.61%, 0, 0, 2, 216.56, 276354, 307, 0, 0
1675, 461, 3, 4, 0, 0, 0.61%, 0, 0, 2, 176.76, 277198, 307, 0, 0
1680, 462, 1, 4, 0, 0, 0.61%, 0, 0, 2, 143.25, 277886, 307, 0, 0
1685, 464, 3, 4, 0, 0, 0.61%, 0, 0, 2, 149.18, 278625, 307, 0, 0
1690, 465, 1, 4, 0, 0, 0.61%, 0, 0, 2, 135.93, 279320, 307, 0, 0
1695, 466, 1, 4, 0, 0, 0.61%, 0, 0, 2, 130.13, 279976, 307, 0, 0
1700, 467, 3, 4, 0, 0, 0.61%, 0, 0, 2, 139.02, 280676, 307, 0, 0
1705, 468, 3, 4, 0, 0, 0.61%, 0, 0, 2, 136.08, 281368, 307, 0, 0
1711, 469, 3, 4, 0, 0, 0.61%, 0, 0, 2, 126.61, 282054, 307, 0, 0
1716, 470, 3, 4, 0, 0, 0.61%, 0, 0, 2, 123.90, 282678, 307, 0, 0
1721, 472, 3, 4, 0, 0, 0.61%, 0, 0, 2, 138.83, 283380, 307, 0, 0
1726, 473, 1, 4, 0, 0, 0.61%, 0, 0, 2, 137.36, 284078, 307, 0, 0
1731, 474, 3, 4, 0, 0, 0.61%, 0, 0, 2, 126.93, 284728, 307, 0, 0
1736, 475, 3, 4, 0, 0, 0.61%, 0, 0, 2, 143.90, 285474, 307, 0, 0
1741, 476, 3, 4, 0, 0, 0.61%, 0, 0, 2, 133.95, 286174, 307, 0, 0
1746, 477, 3, 4, 0, 0, 0.61%, 0, 0, 2, 130.83, 286814, 307, 0, 0
1751, 478, 3, 4, 0, 0, 0.61%, 0, 0, 2, 137.75, 287540, 307, 0, 0
1757, 480, 1, 4, 0, 0, 0.61%, 0, 0, 2, 123.74, 288174, 307, 0, 0
1762, 481, 3, 4, 0, 0, 0.61%, 0, 0, 2, 126.05, 288806, 307, 0, 0
1767, 482, 1, 4, 0, 0, 0.61%, 0, 0, 2, 149.96, 289572, 307, 0, 0
1772, 483, 3, 4, 0, 0, 0.61%, 0, 0, 2, 134.64, 290232, 307, 0, 0
1777, 484, 3, 4, 0, 0, 0.61%, 0, 0, 2, 134.22, 290916, 307, 0, 0
1782, 485, 1, 4, 0, 0, 0.61%, 0, 0, 2, 134.40, 291610, 307, 0, 0
1787, 486, 3, 4, 0, 0, 0.61%, 0, 0, 2, 139.67, 292314, 307, 0, 0
1792, 488, 3, 4, 0, 0, 0.61%, 0, 0, 2, 131.02, 292998, 307, 0, 0
1797, 489, 3, 4, 0, 0, 0.61%, 0, 0, 2, 142.36, 293720, 307, 0, 0
1802, 490, 1, 4, 0, 0, 0.61%, 0, 0, 2, 132.53, 294390, 307, 0, 0
1807, 491, 3, 4, 0, 0, 0.61%, 0, 0, 2, 137.85, 295102, 307, 0, 0
1812, 492, 3, 4, 0, 0, 0.61%, 0, 0, 2, 147.22, 295868, 307, 0, 0
1817, 494, 3, 4, 0, 0, 0.61%, 0, 0, 2, 142.36, 296608, 307, 0, 0
1823, 495, 3, 4, 0, 0, 0.61%, 0, 0, 2, 137.78, 297296, 307, 0, 0
1828, 496, 3, 4, 0, 0, 0.61%, 0, 0, 2, 151.64, 298028, 307, 0, 0
1833, 497, 3, 4, 0, 0, 0.61%, 0, 0, 2, 141.57, 298726, 307, 0, 0
1838, 498, 3, 4, 0, 0, 0.61%, 0, 0, 2, 139.58, 299430, 307, 0, 0
1843, 499, 3, 4, 0, 0, 0.61%, 0, 0, 2, 136.38, 300122, 307, 0, 0
1848, 501, 3, 4, 0, 0, 0.61%, 0, 0, 2, 146.70, 300864, 307, 0, 0
1853, 502, 3, 4, 0, 0, 0.61%, 0, 0, 2, 147.11, 301590, 307, 0, 0
1858, 503, 3, 4, 0, 0, 0.61%, 0, 0, 2, 146.49, 302352, 307, 0, 0
1863, 504, 1, 4, 0, 0, 0.61%, 0, 0, 2, 147.69, 303106, 307, 0, 0
1868, 506, 3, 4, 0, 0, 0.61%, 0, 0, 2, 137.79, 303782, 307, 0, 0
1873, 507, 3, 4, 0, 0, 0.61%, 0, 0, 2, 141.42, 304496, 307, 0, 0
1878, 508, 3, 4, 0, 0, 0.61%, 0, 0, 2, 136.28, 305216, 307, 0, 0
1884, 509, 1, 4, 0, 0, 0.61%, 0, 0, 2, 138.58, 305946, 307, 0, 0
1889, 510, 3, 4, 0, 0, 0.61%, 0, 0, 2, 149.16, 306718, 307, 0, 0
1894, 512, 3, 4, 0, 0, 0.61%, 0, 0, 2, 149.18, 307477, 307, 0, 0
1899, 513, 3, 4, 0, 0, 0.61%, 0, 0, 2, 142.46, 308164, 307, 0, 0
1904, 514, 3, 4, 0, 0, 0.61%, 0, 0, 2, 142.27, 308920, 307, 0, 0
1909, 515, 3, 4, 0, 0, 0.61%, 0, 0, 2, 144.84, 309678, 307, 0, 0
1914, 517, 3, 4, 0, 0, 0.61%, 0, 0, 2, 143.18, 310398, 307, 0, 0
1919, 518, 1, 4, 0, 0, 0.61%, 0, 0, 2, 147.15, 311154, 307, 0, 0
1924, 519, 3, 4, 0, 0, 0.61%, 0, 0, 2, 137.28, 311814, 307, 0, 0
1929, 520, 3, 4, 0, 0, 0.61%, 0, 0, 2, 137.49, 312542, 307, 0, 0
1934, 521, 3, 4, 0, 0, 0.61%, 0, 0, 2, 140.07, 313240, 307, 0, 0
1940, 522, 3, 4, 0, 0, 0.61%, 0, 0, 2, 129.90, 313890, 307, 0, 0
1945, 523, 3, 4, 0, 0, 0.61%, 0, 0, 2, 126.83, 314544, 307, 0, 0
1950, 525, 3, 4, 0, 0, 0.61%, 0, 0, 2, 129.43, 315226, 307, 0, 0
1955, 526, 3, 4, 0, 0, 0.61%, 0, 0, 2, 132.62, 315884, 307, 0, 0
1960, 527, 1, 4, 0, 0, 0.61%, 0, 0, 2, 127.36, 316530, 307, 0, 0
1965, 528, 3, 4, 0, 0, 0.61%, 0, 0, 2, 148.09, 317298, 307, 0, 0
1970, 529, 3, 4, 0, 0, 0.61%, 0, 0, 2, 136.64, 317992, 307, 0, 0
1975, 530, 3, 4, 0, 0, 0.61%, 0, 0, 2, 115.00, 318536, 307, 0, 0
1981, 531, 3, 4, 0, 0, 0.61%, 0, 0, 2, 110.67, 319092, 307, 0, 0
1986, 532, 3, 4, 0, 0, 0.61%, 0, 0, 2, 105.76, 319608, 307, 0, 0
1991, 533, 3, 4, 0, 0, 0.61%, 0, 0, 2, 99.39, 320140, 307, 0, 0
1996, 534, 3, 4, 0, 0, 0.61%, 0, 0, 2, 104.01, 320686, 307, 0, 0
2001, 535, 3, 4, 0, 0, 0.61%, 0, 0, 2, 97.11, 321173, 307, 0, 0
2006, 535, 3, 4, 0, 0, 0.61%, 0, 0, 2, 110.42, 321730, 307, 0, 0
2011, 536, 3, 4, 0, 0, 0.61%, 0, 0, 2, 88.40, 322181, 307, 0, 0
2017, 537, 3, 4, 0, 0, 0.61%, 0, 0, 2, 93.18, 322663, 307, 0, 0
2022, 538, 1, 4, 0, 0, 0.61%, 0, 0, 2, 97.68, 323159, 307, 0, 0
2027, 539, 3, 4, 0, 0, 0.61%, 0, 0, 2, 105.54, 323710, 307, 0, 0
2032, 540, 1, 4, 0, 0, 0.61%, 0, 0, 2, 101.03, 324226, 307, 0, 0
2037, 541, 3, 4, 0, 0, 0.61%, 0, 0, 2, 110.66, 324786, 307, 0, 0
2042, 541, 3, 4, 0, 0, 0.61%, 0, 0, 2, 106.53, 325326, 307, 0, 0
2047, 542, 3, 4, 0, 0, 0.61%, 0, 0, 2, 108.92, 325864, 307, 0, 0
2052, 543, 3, 4, 0, 0, 0.61%, 0, 0, 2, 102.58, 326368, 307, 0, 0
2058, 544, 3, 4, 0, 0, 0.61%, 0, 0, 2, 104.33, 326912, 307, 0, 0
2063, 545, 3, 4, 0, 0, 0.61%, 0, 0, 2, 113.42, 327518, 307, 0, 0
2068, 546, 3, 4, 0, 0, 0.61%, 0, 0, 2, 110.85, 328044, 307, 0, 0
2073, 547, 3, 4, 0, 0, 0.61%, 0, 0, 2, 104.70, 328534, 307, 0, 0
2078, 548, 3, 4, 0, 0, 0.61%, 0, 0, 2, 98.55, 329014, 307, 0, 0
2083, 548, 1, 4, 0, 0, 0.61%, 0, 0, 2, 95.50, 329518, 307, 0, 0
2088, 549, 3, 4, 0, 0, 0.61%, 0, 0, 2, 119.28, 330120, 307, 0, 0
2093, 550, 3, 4, 0, 0, 0.61%, 0, 0, 2, 112.19, 330676, 307, 0, 0
2098, 551, 3, 4, 0, 0, 0.61%, 0, 0, 2, 98.64, 331174, 307, 0, 0
2103, 552, 3, 4, 0, 0, 0.61%, 0, 0, 2, 98.67, 331676, 307, 0, 0
2108, 553, 3, 4, 0, 0, 0.61%, 0, 0, 2, 104.97, 332202, 307, 0, 0
2113, 554, 1, 4, 0, 0, 0.61%, 0, 0, 2, 104.16, 332704, 307, 0, 0
2119, 555, 3, 4, 0, 0, 0.61%, 0, 0, 2, 106.86, 333252, 307, 0, 0
2124, 556, 3, 4, 0, 0, 0.61%, 0, 0, 2, 110.36, 333802, 307, 0, 0
2129, 557, 3, 4, 0, 0, 0.61%, 0, 0, 2, 112.57, 334360, 307, 0, 0
2134, 557, 3, 4, 0, 0, 0.61%, 0, 0, 2, 112.65, 334914, 307, 0, 0
2139, 558, 3, 4, 0, 0, 0.61%, 0, 0, 2, 102.08, 335420, 307, 0, 0
2144, 559, 3, 4, 0, 0, 0.61%, 0, 0, 2, 115.81, 336050, 307, 0, 0
2149, 560, 3, 4, 0, 0, 0.61%, 0, 0, 2, 105.02, 336582, 307, 0, 0
2154, 561, 1, 4, 0, 0, 0.61%, 0, 0, 2, 106.39, 337126, 307, 0, 0
2159, 562, 3, 4, 0, 0, 0.61%, 0, 0, 2, 105.63, 337672, 307, 0, 0
2164, 563, 3, 4, 0, 0, 0.61%, 0, 0, 2, 110.66, 338246, 307, 0, 0
2169, 564, 3, 4, 0, 0, 0.61%, 0, 0, 2, 89.35, 338658, 307, 0, 0
2175, 565, 3, 4, 0, 0, 0.61%, 0, 0, 2, 97.88, 339178, 307, 0, 0
2180, 565, 3, 4, 0, 0, 0.61%, 0, 0, 2, 92.96, 339622, 307, 0, 0
2185, 566, 3, 4, 0, 0, 0.61%, 0, 0, 2, 104.95, 340168, 307, 0, 0
2190, 567, 3, 4, 0, 0, 0.61%, 0, 0, 2, 101.50, 340686, 307, 0, 0
2195, 568, 1, 4, 0, 0, 0.61%, 0, 0, 2, 104.39, 341258, 307, 0, 0
2200, 569, 3, 4, 0, 0, 0.61%, 0, 0, 2, 101.53, 341740, 307, 0, 0
2205, 570, 3, 4, 0, 0, 0.61%, 0, 0, 2, 98.29, 342254, 307, 0, 0
2210, 570, 3, 4, 0, 0, 0.61%, 0, 0, 2, 96.49, 342717, 307, 0, 0
2215, 572, 3, 4, 0, 0, 0.61%, 0, 0, 2, 121.85, 343412, 307, 0, 0
2220, 573, 3, 4, 0, 0, 0.61%, 0, 0, 2, 151.07, 344232, 307, 0, 0
2226, 574, 1, 4, 0, 0, 0.61%, 0, 0, 2, 165.21, 345101, 307, 0, 0
2231, 576, 1, 4, 0, 0, 0.61%, 0, 0, 2, 169.75, 345959, 307, 0, 0
2236, 577, 3, 4, 0, 0, 0.61%, 0, 0, 2, 159.40, 346756, 307, 0, 0
2241, 578, 3, 4, 0, 0, 0.61%, 0, 0, 2, 153.83, 347519, 307, 0, 0
2246, 580, 3, 4, 0, 0, 0.61%, 0, 0, 2, 148.49, 348258, 307, 0, 0
2251, 581, 3, 4, 0, 0, 0.61%, 0, 0, 2, 161.46, 349086, 307, 0, 0
2256, 582, 3, 4, 0, 0, 0.61%, 0, 0, 2, 162.74, 349928, 307, 0, 0
2261, 584, 1, 4, 0, 0, 0.61%, 0, 0, 2, 155.88, 350719, 307, 0, 0
2266, 585, 3, 4, 0, 0, 0.61%, 0, 0, 2, 154.30, 351498, 307, 0, 0
2271, 586, 3, 4, 0, 0, 0.61%, 0, 0, 2, 153.76, 352283, 307, 0, 0
2276, 588, 3, 4, 0, 0, 0.61%, 0, 0, 2, 152.84, 353062, 307, 0, 0
2281, 589, 1, 4, 0, 0, 0.61%, 0, 0, 2, 137.44, 353760, 307, 0, 0
2286, 590, 1, 4, 0, 0, 0.61%, 0, 0, 2, 139.33, 354474, 307, 0, 0
2292, 591, 3, 4, 0, 0, 0.61%, 0, 0, 2, 157.54, 355349, 307, 0, 0
2297, 593, 3, 4, 0, 0, 0.61%, 0, 0, 2, 150.07, 356118, 307, 0, 0
2302, 594, 3, 4, 0, 0, 0.61%, 0, 0, 2, 153.79, 356913, 307, 0, 0
2307, 595, 3, 4, 0, 0, 0.61%, 0, 0, 2, 144.22, 357660, 307, 0, 0
2312, 597, 3, 4, 0, 0, 0.61%, 0, 0, 2, 143.97, 358396, 307, 0, 0
2317, 598, 3, 4, 0, 0, 0.61%, 0, 0, 2, 150.47, 359159, 307, 0, 0
2323, 599, 3, 4, 0, 0, 0.61%, 0, 0, 2, 145.97, 359902, 307, 0, 0
2328, 600, 3, 4, 0, 0, 0.61%, 0, 0, 2, 146.08, 360654, 307, 0, 0
2333, 602, 3, 4, 0, 0, 0.61%, 0, 0, 2, 144.41, 361368, 307, 0, 0
2338, 603, 3, 4, 0, 0, 0.61%, 0, 0, 2, 143.67, 362114, 307, 0, 0
2343, 604, 3, 4, 0, 0, 0.61%, 0, 0, 2, 144.29, 362862, 307, 0, 0
2348, 605, 3, 4, 0, 0, 0.61%, 0, 0, 2, 141.35, 363590, 307, 0, 0
2353, 606, 3, 4, 0, 0, 0.61%, 0, 0, 2, 148.93, 364349, 307, 0, 0
2358, 608, 3, 4, 0, 0, 0.61%, 0, 0, 2, 147.43, 365086, 307, 0, 0
2363, 609, 3, 4, 0, 0, 0.61%, 0, 0, 2, 140.22, 365778, 307, 0, 0
2369, 610, 1, 4, 0, 0, 0.61%, 0, 0, 2, 142.96, 366510, 307, 0, 0
2374, 611, 3, 4, 0, 0, 0.61%, 0, 0, 2, 151.66, 367295, 307, 0, 0
2379, 613, 3, 4, 0, 0, 0.61%, 0, 0, 2, 146.81, 368050, 307, 0, 0
2384, 614, 3, 4, 0, 0, 0.61%, 0, 0, 2, 140.25, 368752, 307, 0, 0
2389, 615, 3, 4, 0, 0, 0.61%, 0, 0, 2, 139.81, 369442, 307, 0, 0
2394, 616, 3, 4, 0, 0, 0.61%, 0, 0, 2, 146.04, 370190, 307, 0, 0
2399, 617, 3, 4, 0, 0, 0.61%, 0, 0, 2, 140.71, 370904, 307, 0, 0
2404, 619, 3, 4, 0, 0, 0.61%, 0, 0, 2, 145.60, 371654, 307, 0, 0
2410, 620, 3, 4, 0, 0, 0.61%, 0, 0, 2, 141.86, 372386, 307, 0, 0
2415, 621, 3, 4, 0, 0, 0.61%, 0, 0, 2, 156.98, 373201, 307, 0, 0
2420, 623, 3, 4, 0, 0, 0.61%, 0, 0, 2, 158.17, 374007, 307, 0, 0
2425, 624, 3, 4, 0, 0, 0.61%, 0, 0, 2, 144.55, 374734, 307, 0, 0
2430, 625, 3, 4, 0, 0, 0.61%, 0, 0, 2, 140.62, 375454, 307, 0, 0
2435, 626, 1, 4, 0, 0, 0.61%, 0, 0, 2, 116.98, 376052, 307, 0, 0
2440, 627, 3, 4, 0, 0, 0.61%, 0, 0, 2, 119.17, 376652, 307, 0, 0
2445, 628, 3, 4, 0, 0, 0.61%, 0, 0, 2, 109.91, 377230, 307, 0, 0
2451, 629, 3, 4, 0, 0, 0.61%, 0, 0, 2, 115.18, 377830, 307, 0, 0
2456, 630, 3, 4, 0, 0, 0.61%, 0, 0, 2, 103.00, 378348, 307, 0, 0
2461, 631, 3, 4, 0, 0, 0.61%, 0, 0, 2, 106.97, 378932, 307, 0, 0
2466, 632, 3, 4, 0, 0, 0.61%, 0, 0, 2, 96.96, 379443, 307, 0, 0
2471, 632, 3, 4, 0, 0, 0.61%, 0, 0, 2, 99.77, 379936, 307, 0, 0
2476, 633, 1, 4, 0, 0, 0.61%, 0, 0, 2, 97.25, 380418, 307, 0, 0
2481, 634, 3, 4, 0, 0, 0.61%, 0, 0, 2, 110.28, 380992, 307, 0, 0
2486, 635, 3, 4, 0, 0, 0.61%, 0, 0, 2, 103.05, 381484, 307, 0, 0
2491, 636, 3, 4, 0, 0, 0.61%, 0, 0, 2, 108.90, 382026, 307, 0, 0
2497, 637, 3, 4, 0, 0, 0.61%, 0, 0, 2, 105.35, 382572, 307, 0, 0
2502, 638, 3, 4, 0, 0, 0.61%, 0, 0, 2, 99.04, 383048, 307, 0, 0
2507, 639, 3, 4, 0, 0, 0.61%, 0, 0, 2, 112.53, 383642, 307, 0, 0
2512, 640, 3, 4, 0, 0, 0.61%, 0, 0, 2, 107.98, 384176, 307, 0, 0
2517, 640, 3, 4, 0, 0, 0.61%, 0, 0, 2, 103.19, 384712, 307, 0, 0
2522, 641, 3, 4, 0, 0, 0.61%, 0, 0, 2, 104.82, 385266, 307, 0, 0
2527, 642, 3, 4, 0, 0, 0.61%, 0, 0, 2, 100.54, 385762, 307, 0, 0
2532, 643, 3, 4, 0, 0, 0.61%, 0, 0, 2, 102.19, 386298, 307, 0, 0
2537, 644, 3, 4, 0, 0, 0.61%, 0, 0, 2, 95.41, 386791, 307, 0, 0
2542, 645, 3, 4, 0, 0, 0.61%, 0, 0, 2, 110.23, 387370, 307, 0, 0
2547, 646, 3, 4, 0, 0, 0.61%, 0, 0, 2, 102.63, 387882, 307, 0, 0
2553, 647, 3, 4, 0, 0, 0.61%, 0, 0, 2, 133.94, 388552, 307, 0, 0
2558, 648, 3, 4, 0, 0, 0.61%, 0, 0, 2, 114.28, 389156, 307, 0, 0
2563, 649, 1, 4, 0, 0, 0.61%, 0, 0, 2, 112.38, 389692, 307, 0, 0
2568, 650, 1, 4, 0, 0, 0.61%, 0, 0, 2, 110.74, 390240, 307, 0, 0
2573, 650, 3, 4, 0, 0, 0.61%, 0, 0, 2, 101.03, 390748, 307, 0, 0
2578, 651, 3, 4, 0, 0, 0.61%, 0, 0, 2, 102.65, 391252, 307, 0, 0
2583, 652, 3, 4, 0, 0, 0.61%, 0, 0, 2, 103.82, 391760, 307, 0, 0
2588, 653, 3, 4, 0, 0, 0.61%, 0, 0, 2, 89.74, 392222, 307, 0, 0
2593, 654, 3, 4, 0, 0, 0.61%, 0, 0, 2, 106.87, 392788, 307, 0, 0
2598, 655, 1, 4, 0, 0, 0.61%, 0, 0, 2, 123.66, 393396, 307, 0, 0
2603, 656, 3, 4, 0, 0, 0.61%, 0, 0, 2, 118.43, 393988, 307, 0, 0
2608, 657, 3, 4, 0, 0, 0.61%, 0, 0, 2, 102.49, 394516, 307, 0, 0
2613, 658, 1, 4, 0, 0, 0.61%, 0, 0, 2, 121.61, 395128, 307, 0, 0
2618, 659, 3, 4, 0, 0, 0.61%, 0, 0, 2, 108.01, 395686, 307, 0, 0
2624, 660, 3, 4, 0, 0, 0.61%, 0, 0, 2, 115.72, 396270, 307, 0, 0
2629, 661, 3, 4, 0, 0, 0.61%, 0, 0, 2, 111.24, 396826, 307, 0, 0
2634, 662, 3, 4, 0, 0, 0.61%, 0, 0, 2, 124.03, 397476, 307, 0, 0
2639, 663, 3, 4, 0, 0, 0.61%, 0, 0, 2, 124.18, 398124, 307, 0, 0
2644, 664, 3, 4, 0, 0, 0.61%, 0, 0, 2, 105.91, 398658, 307, 0, 0
2649, 665, 3, 4, 0, 0, 0.61%, 0, 0, 2, 98.74, 399154, 307, 0, 0
2654, 666, 3, 4, 0, 0, 0.61%, 0, 0, 2, 134.69, 399900, 307, 0, 0
2659, 667, 1, 4, 0, 0, 0.61%, 0, 0, 2, 125.97, 400512, 307, 0, 0
2664, 668, 3, 4, 0, 0, 0.61%, 0, 0, 2, 129.05, 401178, 307, 0, 0
2669, 669, 1, 4, 0, 0, 0.61%, 0, 0, 2, 127.09, 401816, 307, 0, 0
2675, 670, 3, 4, 0, 0, 0.61%, 0, 0, 2, 131.48, 402486, 307, 0, 0
2680, 671, 1, 4, 0, 0, 0.61%, 0, 0, 2, 129.88, 403136, 307, 0, 0
2685, 672, 1, 4, 0, 0, 0.61%, 0, 0, 2, 122.28, 403732, 307, 0, 0
2690, 673, 1, 4, 0, 0, 0.61%, 0, 0, 2, 124.86, 404372, 307, 0, 0
2695, 674, 3, 4, 0, 0, 0.61%, 0, 0, 2, 132.28, 405056, 307, 0, 0
2700, 675, 1, 4, 0, 0, 0.61%, 0, 0, 2, 132.96, 405730, 307, 0, 0
2705, 677, 3, 4, 0, 0, 0.61%, 0, 0, 2, 129.34, 406378, 307, 0, 0
2710, 678, 3, 4, 0, 0, 0.61%, 0, 0, 2, 128.10, 407044, 307, 0, 0
2715, 679, 3, 4, 0, 0, 0.61%, 0, 0, 2, 121.11, 407660, 307, 0, 0
2720, 680, 3, 4, 0, 0, 0.61%, 0, 0, 2, 135.30, 408364, 307, 0, 0
2725, 681, 3, 4, 0, 0, 0.61%, 0, 0, 2, 131.87, 409014, 307, 0, 0
2730, 682, 1, 4, 0, 0, 0.61%, 0, 0, 2, 148.51, 409796, 307, 0, 0
2735, 684, 3, 4, 0, 0, 0.61%, 0, 0, 2, 152.78, 410571, 307, 0, 0
2740, 685, 1, 4, 0, 0, 0.61%, 0, 0, 2, 155.72, 411325, 307, 0, 0
2746, 687, 3, 4, 0, 0, 0.61%, 0, 0, 2, 218.21, 412380, 307, 0, 0
2751, 693, 3, 4, 0, 0, 0.61%, 0, 0, 2, 651.63, 416334, 307, 0, 0
2756, 695, 3, 4, 0, 0, 0.61%, 0, 0, 2, 127.72, 417464, 307, 0, 0
2761, 696, 3, 4, 0, 0, 0.61%, 0, 0, 2, 133.56, 418146, 307, 0, 0
2766, 697, 3, 4, 0, 0, 0.61%, 0, 0, 2, 124.52, 418750, 307, 0, 0
2771, 698, 3, 4, 0, 0, 0.61%, 0, 0, 2, 119.92, 419372, 307, 0, 0
2776, 699, 1, 4, 0, 0, 0.61%, 0, 0, 2, 122.32, 420012, 307, 0, 0
2781, 700, 3, 4, 0, 0, 0.61%, 0, 0, 2, 129.62, 420678, 307, 0, 0
2787, 702, 3, 4, 0, 0, 0.61%, 0, 0, 2, 142.17, 421436, 307, 0, 0
2792, 703, 3, 4, 0, 0, 0.61%, 0, 0, 2, 143.62, 422150, 307, 0, 0
2797, 704, 3, 4, 0, 0, 0.61%, 0, 0, 2, 144.98, 422900, 307, 0, 0
2802, 705, 3, 4, 0, 0, 0.61%, 0, 0, 2, 132.75, 423560, 307, 0, 0
2807, 706, 3, 4, 0, 0, 0.61%, 0, 0, 2, 137.74, 424274, 307, 0, 0
2812, 708, 1, 4, 0, 0, 0.61%, 0, 0, 2, 141.71, 424988, 307, 0, 0
2817, 709, 1, 4, 0, 0, 0.61%, 0, 0, 2, 133.60, 425642, 307, 0, 0
2822, 710, 3, 4, 0, 0, 0.61%, 0, 0, 2, 132.91, 426340, 307, 0, 0
2827, 711, 3, 4, 0, 0, 0.61%, 0, 0, 2, 145.98, 427156, 307, 0, 0
2832, 712, 1, 4, 0, 0, 0.61%, 0, 0, 2, 136.34, 427820, 307, 0, 0
2837, 713, 3, 4, 0, 0, 0.61%, 0, 0, 2, 134.38, 428524, 307, 0, 0
2843, 715, 3, 4, 0, 0, 0.61%, 0, 0, 2, 142.23, 429252, 307, 0, 0
2848, 716, 3, 4, 0, 0, 0.61%, 0, 0, 2, 139.14, 429976, 307, 0, 0
2853, 717, 3, 4, 0, 0, 0.61%, 0, 0, 2, 143.78, 430712, 307, 0, 0
2858, 718, 3, 4, 0, 0, 0.61%, 0, 0, 2, 140.64, 431432, 307, 0, 0
2863, 720, 1, 4, 0, 0, 0.61%, 0, 0, 2, 137.32, 432164, 307, 0, 0
2868, 721, 3, 4, 0, 0, 0.61%, 0, 0, 2, 132.02, 432838, 307, 0, 0
2873, 722, 1, 4, 0, 0, 0.61%, 0, 0, 2, 142.70, 433578, 307, 0, 0
2879, 723, 3, 4, 0, 0, 0.61%, 0, 0, 2, 146.72, 434334, 307, 0, 0
2884, 724, 3, 4, 0, 0, 0.61%, 0, 0, 2, 146.23, 435090, 307, 0, 0
2889, 726, 1, 4, 0, 0, 0.61%, 0, 0, 2, 145.00, 435826, 307, 0, 0
2894, 727, 3, 4, 0, 0, 0.61%, 0, 0, 2, 141.44, 436544, 307, 0, 0
2899, 728, 3, 4, 0, 0, 0.61%, 0, 0, 2, 139.47, 437268, 307, 0, 0
2904, 729, 1, 4, 0, 0, 0.61%, 0, 0, 2, 139.03, 438012, 307, 0, 0
2910, 730, 3, 4, 0, 0, 0.61%, 0, 0, 2, 135.02, 438710, 307, 0, 0
2915, 732, 3, 4, 0, 0, 0.61%, 0, 0, 2, 128.99, 439352, 307, 0, 0
2920, 733, 3, 4, 0, 0, 0.61%, 0, 0, 2, 125.16, 439976, 307, 0, 0
2925, 734, 1, 4, 0, 0, 0.61%, 0, 0, 2, 132.38, 440648, 307, 0, 0
2930, 735, 3, 4, 0, 0, 0.61%, 0, 0, 2, 125.03, 441270, 307, 0, 0
2935, 736, 3, 4, 0, 0, 0.61%, 0, 0, 2, 118.41, 441848, 307, 0, 0
2940, 737, 3, 4, 0, 0, 0.61%, 0, 0, 2, 132.98, 442518, 307, 0, 0
2945, 738, 3, 4, 0, 0, 0.61%, 0, 0, 2, 125.47, 443178, 307, 0, 0
2950, 739, 3, 4, 0, 0, 0.61%, 0, 0, 2, 118.57, 443800, 307, 0, 0
2955, 740, 3, 4, 0, 0, 0.61%, 0, 0, 2, 126.94, 444468, 307, 0, 0
2961, 741, 3, 4, 0, 0, 0.61%, 0, 0, 2, 112.62, 445026, 307, 0, 0
2966, 742, 3, 4, 0, 0, 0.61%, 0, 0, 2, 122.99, 445692, 307, 0, 0
2971, 743, 3, 4, 0, 0, 0.61%, 0, 0, 2, 117.19, 446282, 307, 0, 0
2976, 744, 3, 4, 0, 0, 0.61%, 0, 0, 2, 130.79, 446960, 307, 0, 0
2981, 745, 3, 4, 0, 0, 0.61%, 0, 0, 2, 126.40, 447602, 307, 0, 0
2986, 746, 3, 4, 0, 0, 0.61%, 0, 0, 2, 135.47, 448310, 307, 0, 0
2991, 748, 3, 4, 0, 0, 0.61%, 0, 0, 2, 141.68, 449038, 307, 0, 0
2996, 749, 3, 4, 0, 0, 0.61%, 0, 0, 2, 136.40, 449749, 307, 0, 0
3002, 750, 3, 4, 0, 0, 0.61%, 0, 0, 2, 129.96, 450424, 307, 0, 0
3007, 751, 3, 4, 0, 0, 0.61%, 0, 0, 2, 130.16, 451086, 307, 0, 0
3012, 752, 3, 4, 0, 0, 0.61%, 0, 0, 2, 136.67, 451788, 307, 0, 0
3017, 753, 3, 4, 0, 0, 0.61%, 0, 0, 2, 138.42, 452504, 307, 0, 0
3022, 755, 3, 4, 0, 0, 0.61%, 0, 0, 2, 129.51, 453190, 307, 0, 0
3027, 756, 3, 4, 0, 0, 0.61%, 0, 0, 2, 141.66, 453944, 307, 0, 0
3033, 757, 3, 4, 0, 0, 0.61%, 0, 0, 2, 144.97, 454706, 307, 0, 0
3038, 758, 1, 4, 0, 0, 0.61%, 0, 0, 2, 132.91, 455364, 307, 0, 0
3043, 759, 1, 4, 0, 0, 0.61%, 0, 0, 2, 139.16, 456098, 307, 0, 0
3048, 761, 3, 4, 0, 0, 0.61%, 0, 0, 2, 153.91, 456892, 307, 0, 0
3053, 762, 3, 4, 0, 0, 0.61%, 0, 0, 2, 142.75, 457590, 307, 0, 0
3058, 763, 3, 4, 0, 0, 0.61%, 0, 0, 2, 132.52, 458244, 307, 0, 0
3063, 764, 3, 4, 0, 0, 0.61%, 0, 0, 2, 142.11, 458990, 307, 0, 0
3068, 765, 3, 4, 0, 0, 0.61%, 0, 0, 2, 136.70, 459672, 307, 0, 0
3073, 767, 1, 4, 0, 0, 0.61%, 0, 0, 2, 148.32, 460442, 307, 0, 0
3078, 768, 3, 4, 0, 0, 0.61%, 0, 0, 2, 140.45, 461140, 307, 0, 0
3083, 769, 1, 4, 0, 0, 0.61%, 0, 0, 2, 138.89, 461834, 307, 0, 0
3089, 770, 3, 4, 0, 0, 0.61%, 0, 0, 2, 135.67, 462530, 307, 0, 0
3094, 771, 3, 4, 0, 0, 0.61%, 0, 0, 2, 154.25, 463298, 307, 0, 0
3099, 773, 3, 4, 0, 0, 0.61%, 0, 0, 2, 149.06, 464036, 307, 0, 0
3104, 774, 3, 4, 0, 0, 0.61%, 0, 0, 2, 146.47, 464790, 307, 0, 0
3109, 775, 3, 4, 0, 0, 0.61%, 0, 0, 2, 143.73, 465552, 307, 0, 0
3114, 776, 1, 4, 0, 0, 0.61%, 0, 0, 2, 143.30, 466298, 307, 0, 0
3119, 778, 3, 4, 0, 0, 0.61%, 0, 0, 2, 142.99, 467034, 307, 0, 0
3124, 779, 3, 4, 0, 0, 0.61%, 0, 0, 2, 137.04, 467728, 307, 0, 0
3130, 780, 1, 4, 0, 0, 0.61%, 0, 0, 2, 131.17, 468380, 307, 0, 0
3135, 781, 3, 4, 0, 0, 0.61%, 0, 0, 2, 123.46, 468986, 307, 0, 0
3140, 782, 3, 4, 0, 0, 0.61%, 0, 0, 2, 126.40, 469638, 307, 0, 0
3145, 783, 3, 4, 0, 0, 0.61%, 0, 0, 2, 126.80, 470280, 307, 0, 0
3150, 784, 3, 4, 0, 0, 0.61%, 0, 0, 2, 121.53, 470878, 307, 0, 0
3155, 785, 1, 4, 0, 0, 0.61%, 0, 0, 2, 117.79, 471472, 307, 0, 0
3160, 786, 3, 4, 0, 0, 0.61%, 0, 0, 2, 130.39, 472138, 307, 0, 0
3165, 787, 3, 4, 0, 0, 0.61%, 0, 0, 2, 123.69, 472788, 307, 0, 0
3170, 788, 1, 4, 0, 0, 0.61%, 0, 0, 2, 136.16, 473468, 307, 0, 0
3175, 789, 3, 4, 0, 0, 0.61%, 0, 0, 2, 127.85, 474094, 307, 0, 0
3180, 790, 3, 4, 0, 0, 0.61%, 0, 0, 2, 127.19, 474746, 307, 0, 0
3185, 792, 3, 4, 0, 0, 0.61%, 0, 0, 2, 121.80, 475368, 307, 0, 0
3190, 793, 3, 4, 0, 0, 0.61%, 0, 0, 2, 117.92, 475954, 307, 0, 0
3195, 793, 3, 4, 0, 0, 0.61%, 0, 0, 2, 119.96, 476530, 307, 0, 0
3200, 794, 3, 4, 0, 0, 0.61%, 0, 0, 2, 114.60, 477126, 307, 0, 0
3206, 796, 3, 4, 0, 0, 0.61%, 0, 0, 2, 127.51, 477760, 307, 0, 0
3211, 797, 3, 4, 0, 0, 0.61%, 0, 0, 2, 129.31, 478420, 307, 0, 0
3216, 798, 3, 4, 0, 0, 0.61%, 0, 0, 2, 131.18, 479054, 307, 0, 0
3221, 799, 3, 4, 0, 0, 0.61%, 0, 0, 2, 193.78, 479968, 307, 0, 0
3226, 806, 3, 4, 0, 0, 0.61%, 0, 0, 2, 654.35, 483910, 307, 0, 0
3231, 812, 3, 4, 0, 0, 0.61%, 0, 0, 2, 751.57, 487925, 307, 0, 0
3236, 819, 3, 4, 0, 0, 0.61%, 0, 0, 2, 760.65, 491880, 307, 0, 0
3241, 825, 3, 4, 0, 0, 0.61%, 0, 0, 2, 695.12, 495420, 307, 0, 0
3246, 830, 3, 4, 0, 0, 0.61%, 0, 0, 2, 653.63, 498676, 307, 0, 0
3251, 833, 3, 4, 0, 0, 0.61%, 0, 0, 2, 365.60, 500506, 307, 0, 0
3256, 835, 1, 4, 0, 0, 0.61%, 0, 0, 2, 199.51, 501294, 307, 0, 0
3261, 836, 3, 4, 0, 0, 0.61%, 0, 0, 2, 145.11, 501954, 307, 0, 0
3267, 837, 3, 4, 0, 0, 0.61%, 0, 0, 2, 129.29, 502600, 307, 0, 0
3272, 838, 3, 4, 0, 0, 0.61%, 0, 0, 2, 122.53, 503196, 307, 0, 0
3277, 839, 3, 4, 0, 0, 0.61%, 0, 0, 2, 121.33, 503816, 307, 0, 0
3282, 840, 3, 4, 0, 0, 0.61%, 0, 0, 2, 166.75, 504713, 307, 0, 0
3287, 842, 3, 4, 0, 0, 0.61%, 0, 0, 2, 162.98, 505559, 307, 0, 0
3292, 843, 3, 4, 0, 0, 0.61%, 0, 0, 2, 153.70, 506325, 307, 0, 0
3297, 844, 3, 4, 0, 0, 0.61%, 0, 0, 2, 134.36, 506978, 307, 0, 0
3303, 845, 3, 4, 0, 0, 0.61%, 0, 0, 2, 136.93, 507686, 307, 0, 0
3308, 847, 3, 4, 0, 0, 0.61%, 0, 0, 2, 147.19, 508458, 307, 0, 0
3313, 848, 3, 4, 0, 0, 0.61%, 0, 0, 2, 150.83, 509237, 307, 0, 0
3318, 849, 1, 4, 0, 0, 0.61%, 0, 0, 2, 151.78, 510010, 307, 0, 0
3323, 851, 3, 4, 0, 0, 0.61%, 0, 0, 2, 153.88, 510795, 307, 0, 0
3328, 852, 3, 4, 0, 0, 0.61%, 0, 0, 2, 159.06, 511616, 307, 0, 0
3333, 853, 3, 4, 0, 0, 0.61%, 0, 0, 2, 157.40, 512410, 307, 0, 0
3338, 855, 1, 4, 0, 0, 0.61%, 0, 0, 2, 159.58, 513210, 307, 0, 0
3344, 856, 3, 4, 0, 0, 0.61%, 0, 0, 2, 166.17, 514086, 307, 0, 0
3349, 857, 3, 4, 0, 0, 0.61%, 0, 0, 2, 155.96, 514853, 307, 0, 0
3354, 859, 3, 4, 0, 0, 0.61%, 0, 0, 2, 155.05, 515637, 307, 0, 0
3359, 860, 3, 4, 0, 0, 0.61%, 0, 0, 2, 157.21, 516419, 307, 0, 0
3364, 861, 3, 4, 0, 0, 0.61%, 0, 0, 2, 154.24, 517180, 307, 0, 0
3369, 862, 3, 4, 0, 0, 0.61%, 0, 0, 2, 145.08, 517910, 307, 0, 0
3374, 865, 3, 4, 0, 0, 0.61%, 0, 0, 2, 374.15, 519564, 307, 0, 0
3379, 870, 3, 4, 0, 0, 0.61%, 0, 0, 2, 513.15, 522640, 307, 0, 0
3384, 871, 3, 4, 0, 0, 0.61%, 0, 0, 2, 208.99, 523270, 307, 0, 0
3389, 872, 3, 4, 0, 0, 0.61%, 0, 0, 2, 145.77, 523910, 307, 0, 0
3395, 873, 3, 4, 0, 0, 0.61%, 0, 0, 2, 123.44, 524532, 307, 0, 0
3400, 875, 3, 4, 0, 0, 0.61%, 0, 0, 2, 123.38, 525158, 307, 0, 0
3405, 876, 3, 4, 0, 0, 0.61%, 0, 0, 2, 128.10, 525816, 307, 0, 0
3410, 880, 3, 4, 0, 0, 0.61%, 0, 0, 2, 494.83, 528231, 307, 0, 0
3415, 883, 3, 4, 0, 0, 0.61%, 0, 0, 2, 91.96, 530508, 307, 0, 0
3420, 884, 3, 4, 0, 0, 0.61%, 0, 0, 2, 111.78, 531136, 307, 0, 0
3425, 886, 3, 4, 0, 0, 0.61%, 0, 0, 2, 124.14, 531786, 307, 0, 0
3430, 887, 3, 4, 0, 0, 0.61%, 0, 0, 2, 121.34, 532392, 307, 0, 0
3435, 889, 1, 4, 0, 0, 0.61%, 0, 0, 2, 358.65, 533974, 307, 0, 0
3441, 895, 3, 4, 0, 0, 0.61%, 0, 0, 2, 633.88, 537598, 307, 0, 0
3446, 901, 3, 4, 0, 0, 0.61%, 0, 0, 2, 693.76, 541302, 307, 0, 0
3451, 908, 1, 4, 0, 0, 0.61%, 0, 0, 2, 709.89, 545020, 307, 0, 0
3456, 913, 3, 4, 0, 0, 0.61%, 0, 0, 2, 698.23, 548515, 307, 0, 0
3461, 919, 3, 4, 0, 0, 0.61%, 0, 0, 2, 699.83, 552028, 307, 0, 0
3466, 925, 3, 4, 0, 0, 0.61%, 0, 0, 2, 703.14, 555548, 307, 0, 0
3471, 931, 3, 4, 0, 0, 0.61%, 0, 0, 2, 700.61, 559206, 307, 0, 0
3476, 937, 3, 4, 0, 0, 0.61%, 0, 0, 2, 697.35, 562702, 307, 0, 0
3481, 943, 3, 4, 0, 0, 0.61%, 0, 0, 2, 711.51, 566292, 307, 0, 0
3486, 949, 3, 4, 0, 0, 0.61%, 0, 0, 2, 716.53, 569920, 307, 0, 0
3491, 955, 3, 4, 0, 0, 0.61%, 0, 0, 2, 714.05, 573520, 307, 0, 0
3496, 961, 3, 4, 0, 0, 0.61%, 0, 0, 2, 711.27, 577120, 307, 0, 0
3501, 967, 3, 4, 0, 0, 0.61%, 0, 0, 2, 715.40, 580748, 307, 0, 0
3507, 973, 3, 4, 0, 0, 0.61%, 0, 0, 2, 720.30, 584378, 307, 0, 0
3512, 979, 3, 4, 0, 0, 0.61%, 0, 0, 2, 715.37, 588092, 307, 0, 0
3517, 986, 3, 4, 0, 0, 0.61%, 0, 0, 2, 712.02, 591792, 307, 0, 0
3522, 991, 3, 4, 0, 0, 0.61%, 0, 0, 2, 708.77, 595348, 307, 0, 0
3527, 998, 3, 4, 0, 0, 0.61%, 0, 0, 2, 701.68, 599020, 307, 0, 0
3532, 1003, 3, 4, 0, 0, 0.61%, 0, 0, 2, 697.02, 602515, 307, 0, 0
3537, 1009, 3, 4, 0, 0, 0.61%, 0, 0, 2, 703.48, 606148, 307, 0, 0
3542, 1015, 3, 4, 0, 0, 0.61%, 0, 0, 2, 708.11, 609706, 307, 0, 0
3548, 1022, 3, 4, 0, 0, 0.61%, 0, 0, 2, 708.02, 613392, 307, 0, 0
3553, 1028, 3, 4, 0, 0, 0.61%, 0, 0, 2, 705.89, 617034, 307, 0, 0
3558, 1034, 3, 4, 0, 0, 0.61%, 0, 0, 2, 712.78, 620748, 307, 0, 0
3563, 1040, 3, 4, 0, 0, 0.61%, 0, 0, 2, 706.84, 624378, 307, 0, 0
3568, 1045, 1, 4, 0, 0, 0.61%, 0, 0, 2, 766.95, 627310, 307, 0, 0
3573, 1052, 3, 4, 0, 0, 0.61%, 0, 0, 2, 778.63, 631380, 307, 0, 0
3579, 1058, 1, 4, 0, 0, 0.61%, 0, 0, 2, 718.79, 635064, 307, 0, 0
3584, 1064, 3, 4, 0, 0, 0.61%, 0, 0, 2, 722.91, 638748, 307, 0, 0
3589, 1070, 3, 4, 0, 0, 0.61%, 0, 0, 2, 697.85, 642363, 307, 0, 0
3594, 1076, 1, 4, 0, 0, 0.61%, 0, 0, 2, 689.26, 645928, 307, 0, 0
3599, 1082, 1, 4, 0, 0, 0.61%, 0, 0, 2, 698.84, 649564, 307, 0, 0
3604, 1088, 3, 4, 0, 0, 0.61%, 0, 0, 2, 694.18, 653002, 307, 0, 0
3609, 1094, 3, 4, 0, 0, 0.61%, 0, 0, 2, 717.08, 656620, 307, 0, 0
3614, 1100, 3, 4, 0, 0, 0.61%, 0, 0, 2, 722.08, 660234, 307, 0, 0
3619, 1106, 1, 4, 0, 0, 0.61%, 0, 0, 2, 715.34, 663848, 307, 0, 0
3624, 1112, 3, 4, 0, 0, 0.61%, 0, 0, 2, 720.48, 667464, 307, 0, 0
3630, 1118, 3, 4, 0, 0, 0.61%, 0, 0, 2, 717.15, 671192, 307, 0, 0
3635, 1124, 3, 4, 0, 0, 0.61%, 0, 0, 2, 711.65, 674764, 307, 0, 0
3640, 1130, 3, 4, 0, 0, 0.61%, 0, 0, 2, 715.86, 678364, 307, 0, 0
3645, 1136, 3, 4, 0, 0, 0.61%, 0, 0, 2, 699.72, 681915, 307, 0, 0
3650, 1142, 3, 4, 0, 0, 0.61%, 0, 0, 2, 707.57, 685464, 307, 0, 0
3655, 1148, 3, 4, 0, 0, 0.61%, 0, 0, 2, 709.05, 689106, 307, 0, 0
3660, 1154, 3, 4, 0, 0, 0.61%, 0, 0, 2, 714.35, 692734, 307, 0, 0
3665, 1160, 3, 4, 0, 0, 0.61%, 0, 0, 2, 712.92, 696434, 307, 0, 0
3670, 1166, 3, 4, 0, 0, 0.61%, 0, 0, 2, 720.21, 700050, 307, 0, 0
3675, 1172, 3, 4, 0, 0, 0.61%, 0, 0, 2, 705.83, 703620, 307, 0, 0
3681, 1178, 3, 4, 0, 0, 0.61%, 0, 0, 2, 704.11, 707278, 307, 0, 0
3686, 1184, 3, 4, 0, 0, 0.61%, 0, 0, 2, 714.94, 711006, 307, 0, 0
3691, 1190, 3, 4, 0, 0, 0.61%, 0, 0, 2, 720.88, 714620, 307, 0, 0
3696, 1196, 3, 4, 0, 0, 0.61%, 0, 0, 2, 724.21, 718250, 307, 0, 0
3701, 1202, 3, 4, 0, 0, 0.61%, 0, 0, 2, 722.47, 721892, 307, 0, 0
3706, 1209, 3, 4, 0, 0, 0.61%, 0, 0, 2, 732.11, 725564, 307, 0, 0
3711, 1215, 3, 4, 0, 0, 0.61%, 0, 0, 2, 722.81, 729192, 307, 0, 0
3716, 1221, 3, 4, 0, 0, 0.61%, 0, 0, 2, 725.41, 732878, 307, 0, 0
3721, 1227, 1, 4, 0, 0, 0.61%, 0, 0, 2, 704.46, 736506, 307, 0, 0
3726, 1233, 3, 4, 0, 0, 0.61%, 0, 0, 2, 707.91, 740178, 307, 0, 0
3732, 1239, 3, 4, 0, 0, 0.61%, 0, 0, 2, 709.93, 743864, 307, 0, 0
3737, 1245, 3, 4, 0, 0, 0.61%, 0, 0, 2, 707.17, 747506, 307, 0, 0
3742, 1251, 3, 4, 0, 0, 0.61%, 0, 0, 2, 715.97, 751248, 307, 0, 0
3747, 1258, 3, 4, 0, 0, 0.61%, 0, 0, 2, 716.68, 754964, 307, 0, 0
3752, 1264, 3, 4, 0, 0, 0.61%, 0, 0, 2, 716.78, 758578, 307, 0, 0
3757, 1270, 3, 4, 0, 0, 0.61%, 0, 0, 2, 713.76, 762178, 307, 0, 0
3762, 1276, 3, 4, 0, 0, 0.61%, 0, 0, 2, 709.59, 765864, 307, 0, 0
3768, 1282, 3, 4, 0, 0, 0.61%, 0, 0, 2, 710.19, 769564, 307, 0, 0
3773, 1288, 1, 4, 0, 0, 0.61%, 0, 0, 2, 710.70, 773120, 307, 0, 0
3778, 1294, 3, 4, 0, 0, 0.61%, 0, 0, 2, 719.72, 776792, 307, 0, 0
3783, 1300, 3, 4, 0, 0, 0.61%, 0, 0, 2, 713.14, 780448, 307, 0, 0
3788, 1306, 3, 4, 0, 0, 0.61%, 0, 0, 2, 704.80, 783992, 307, 0, 0
3793, 1312, 3, 4, 0, 0, 0.61%, 0, 0, 2, 698.48, 787602, 307, 0, 0
3798, 1318, 3, 4, 0, 0, 0.61%, 0, 0, 2, 712.51, 791306, 307, 0, 0
3803, 1324, 3, 4, 0, 0, 0.61%, 0, 0, 2, 715.00, 794920, 307, 0, 0
3808, 1330, 3, 4, 0, 0, 0.61%, 0, 0, 2, 704.51, 798448, 307, 0, 0
3813, 1336, 3, 4, 0, 0, 0.61%, 0, 0, 2, 749.99, 802264, 307, 0, 0
3818, 1341, 3, 4, 0, 0, 0.61%, 0, 0, 2, 120.09, 805168, 307, 0, 0
3824, 1342, 3, 4, 0, 0, 0.61%, 0, 0, 2, 134.14, 805912, 307, 0, 0
3829, 1343, 3, 4, 0, 0, 0.61%, 0, 0, 2, 121.69, 806536, 307, 0, 0
3834, 1345, 3, 4, 0, 0, 0.61%, 0, 0, 2, 125.76, 807170, 307, 0, 0
3839, 1346, 3, 4, 0, 0, 0.61%, 0, 0, 2, 123.95, 807800, 307, 0, 0
3844, 1347, 3, 4, 0, 0, 0.61%, 0, 0, 2, 113.16, 808384, 307, 0, 0
3849, 1348, 3, 4, 0, 0, 0.61%, 0, 0, 2, 111.34, 808966, 307, 0, 0
3854, 1348, 3, 4, 0, 0, 0.61%, 0, 0, 2, 113.78, 809540, 307, 0, 0
3859, 1349, 3, 4, 0, 0, 0.61%, 0, 0, 2, 113.33, 810104, 307, 0, 0
3865, 1350, 3, 4, 0, 0, 0.61%, 0, 0, 2, 119.18, 810708, 307, 0, 0
3870, 1351, 1, 4, 0, 0, 0.61%, 0, 0, 2, 124.42, 811338, 307, 0, 0
3875, 1353, 3, 4, 0, 0, 0.61%, 0, 0, 2, 127.17, 812008, 307, 0, 0
3880, 1354, 3, 4, 0, 0, 0.61%, 0, 0, 2, 124.66, 812668, 307, 0, 0
3885, 1356, 3, 4, 0, 0, 0.61%, 0, 0, 2, 753.77, 814178, 307, 0, 0
3886, 1357, 3, 4, 0, 0, 0.61%, 0, 0, 2, 756.07, 814584, 307, 0, 0
